Decision Tree — Flatten Results
==================================================
{'accuracy': np.float64(0.8607), 'precision': np.float64(0.859), 'recall': np.float64(0.8586), 'f1': np.float64(0.8587), 'precision_per_class': array([0.91382766, 0.95017483, 0.83696682, 0.84378109, 0.83419156,
       0.82618772, 0.87802313, 0.89244186, 0.8141783 , 0.8       ]), 'recall_per_class': array([0.93061224, 0.95770925, 0.85562016, 0.83960396, 0.82484725,
       0.79932735, 0.87160752, 0.8959144 , 0.77823409, 0.83250743]), 'f1_per_class': array([0.92214358, 0.95392716, 0.8461907 , 0.84168734, 0.82949309,
       0.81253561, 0.87480356, 0.89417476, 0.79580052, 0.81593006]), 'confusion_matrix': array([[ 912,    2,   16,    2,    4,   15,   12,    6,    5,    6],
       [   1, 1087,    7,    8,    5,    3,    6,    2,   13,    3],
       [  10,   10,  883,   14,   11,    8,   16,   29,   40,   11],
       [  16,    2,   23,  848,    4,   40,    7,   32,   24,   14],
       [   1,    8,   10,    6,  810,   13,   15,   12,   18,   89],
       [  20,    7,    7,   53,   14,  713,   28,    6,   26,   18],
       [  14,    5,   16,   11,   36,   19,  835,    5,   13,    4],
       [   6,    8,   36,   10,    9,    4,    2,  921,   16,   16],
       [   9,    8,   38,   32,   23,   28,   22,    7,  758,   49],
       [   9,    7,   19,   21,   55,   20,    8,   12,   18,  840]])}