Decision Tree — PCA Results
==================================================
{'accuracy': np.float64(0.7941), 'precision': np.float64(0.7966), 'recall': np.float64(0.791), 'f1': np.float64(0.7924), 'precision_per_class': array([0.84337349, 0.97043011, 0.83222222, 0.77627471, 0.78698846,
       0.65679825, 0.88744589, 0.87147335, 0.59517872, 0.7458256 ]), 'recall_per_class': array([0.85714286, 0.95418502, 0.72577519, 0.73861386, 0.76374745,
       0.67152466, 0.8559499 , 0.81128405, 0.73511294, 0.79682854]), 'f1_per_class': array([0.85020243, 0.962239  , 0.77536232, 0.75697615, 0.7751938 ,
       0.66407982, 0.87141339, 0.84030227, 0.65778594, 0.77048395]), 'confusion_matrix': array([[ 840,    0,   20,   14,    5,   50,   25,    8,   11,    7],
       [   0, 1083,    6,    6,    1,    6,    5,    1,   26,    1],
       [   8,    3,  749,   46,   14,   27,   18,   22,  129,   16],
       [  30,    3,   23,  746,    2,   75,   14,    9,  100,    8],
       [   4,    5,   10,    5,  750,    9,   18,   19,   41,  121],
       [  33,    4,   16,   67,   20,  599,   12,   17,  103,   21],
       [  36,    3,   20,    3,   16,   38,  820,    6,   14,    2],
       [   3,   10,   21,    9,   31,   10,    3,  834,   34,   73],
       [  37,    1,   24,   60,   16,   81,    5,    9,  716,   25],
       [   5,    4,   11,    5,   98,   17,    4,   32,   29,  804]])}