Decision Tree — Ensemble Results
==================================================
{'accuracy': np.float64(0.8263), 'precision': np.float64(0.8277), 'recall': np.float64(0.823), 'f1': np.float64(0.8219), 'precision_per_class': array([0.83555556, 0.85835258, 0.84492481, 0.72864769, 0.78269231,
       0.8305304 , 0.92849285, 0.83143939, 0.85869565, 0.77803204]), 'recall_per_class': array([0.95918367, 0.98237885, 0.87112403, 0.81089109, 0.82892057,
       0.71973094, 0.88100209, 0.8540856 , 0.64887064, 0.67393459]), 'f1_per_class': array([0.89311164, 0.91618735, 0.85782443, 0.76757263, 0.80514342,
       0.77117117, 0.90412426, 0.84261036, 0.73918129, 0.72225173]), 'confusion_matrix': array([[ 940,    1,    7,    2,    0,    6,   14,    1,    5,    4],
       [   1, 1115,    5,    2,    0,    1,    1,    0,    6,    4],
       [  36,   22,  899,   18,    7,    6,   11,   18,   12,    3],
       [  25,   20,   43,  819,    1,   35,    2,   16,   37,   12],
       [  18,   16,   20,   10,  814,    4,   12,    8,    8,   72],
       [  22,   25,   17,  135,   12,  642,   14,    1,   16,    8],
       [  31,   11,   21,    7,   24,   18,  844,    1,    1,    0],
       [   5,   29,   20,    7,   38,    2,    0,  878,    6,   43],
       [  25,   39,   27,  107,   20,   51,    7,   18,  632,   48],
       [  22,   21,    5,   17,  124,    8,    4,  115,   13,  680]])}