DECISION TREE PHASE 2 SUMMARY
============================================================

Flatten:
{'accuracy': np.float64(0.8607), 'precision': np.float64(0.859), 'recall': np.float64(0.8586), 'f1': np.float64(0.8587), 'precision_per_class': array([0.91382766, 0.95017483, 0.83696682, 0.84378109, 0.83419156,
       0.82618772, 0.87802313, 0.89244186, 0.8141783 , 0.8       ]), 'recall_per_class': array([0.93061224, 0.95770925, 0.85562016, 0.83960396, 0.82484725,
       0.79932735, 0.87160752, 0.8959144 , 0.77823409, 0.83250743]), 'f1_per_class': array([0.92214358, 0.95392716, 0.8461907 , 0.84168734, 0.82949309,
       0.81253561, 0.87480356, 0.89417476, 0.79580052, 0.81593006]), 'confusion_matrix': array([[ 912,    2,   16,    2,    4,   15,   12,    6,    5,    6],
       [   1, 1087,    7,    8,    5,    3,    6,    2,   13,    3],
       [  10,   10,  883,   14,   11,    8,   16,   29,   40,   11],
       [  16,    2,   23,  848,    4,   40,    7,   32,   24,   14],
       [   1,    8,   10,    6,  810,   13,   15,   12,   18,   89],
       [  20,    7,    7,   53,   14,  713,   28,    6,   26,   18],
       [  14,    5,   16,   11,   36,   19,  835,    5,   13,    4],
       [   6,    8,   36,   10,    9,    4,    2,  921,   16,   16],
       [   9,    8,   38,   32,   23,   28,   22,    7,  758,   49],
       [   9,    7,   19,   21,   55,   20,    8,   12,   18,  840]])}

PCA:
{'accuracy': np.float64(0.7941), 'precision': np.float64(0.7966), 'recall': np.float64(0.791), 'f1': np.float64(0.7924), 'precision_per_class': array([0.84337349, 0.97043011, 0.83222222, 0.77627471, 0.78698846,
       0.65679825, 0.88744589, 0.87147335, 0.59517872, 0.7458256 ]), 'recall_per_class': array([0.85714286, 0.95418502, 0.72577519, 0.73861386, 0.76374745,
       0.67152466, 0.8559499 , 0.81128405, 0.73511294, 0.79682854]), 'f1_per_class': array([0.85020243, 0.962239  , 0.77536232, 0.75697615, 0.7751938 ,
       0.66407982, 0.87141339, 0.84030227, 0.65778594, 0.77048395]), 'confusion_matrix': array([[ 840,    0,   20,   14,    5,   50,   25,    8,   11,    7],
       [   0, 1083,    6,    6,    1,    6,    5,    1,   26,    1],
       [   8,    3,  749,   46,   14,   27,   18,   22,  129,   16],
       [  30,    3,   23,  746,    2,   75,   14,    9,  100,    8],
       [   4,    5,   10,    5,  750,    9,   18,   19,   41,  121],
       [  33,    4,   16,   67,   20,  599,   12,   17,  103,   21],
       [  36,    3,   20,    3,   16,   38,  820,    6,   14,    2],
       [   3,   10,   21,    9,   31,   10,    3,  834,   34,   73],
       [  37,    1,   24,   60,   16,   81,    5,    9,  716,   25],
       [   5,    4,   11,    5,   98,   17,    4,   32,   29,  804]])}

HOG:
{'accuracy': np.float64(0.8631), 'precision': np.float64(0.8627), 'recall': np.float64(0.8617), 'f1': np.float64(0.862), 'precision_per_class': array([0.89329268, 0.94503546, 0.82713755, 0.79888786, 0.85639958,
       0.82530795, 0.93817787, 0.87819253, 0.81564845, 0.84890656]), 'recall_per_class': array([0.89693878, 0.93920705, 0.8624031 , 0.85346535, 0.83808554,
       0.82623318, 0.90292276, 0.86964981, 0.78131417, 0.84638256]), 'f1_per_class': array([0.89511202, 0.94211224, 0.84440228, 0.82527525, 0.84714359,
       0.82577031, 0.92021277, 0.87390029, 0.79811222, 0.84764268]), 'confusion_matrix': array([[ 879,   11,   23,   10,    7,   18,   12,    7,   11,    2],
       [   3, 1066,   11,    9,    9,    5,   10,    3,   18,    1],
       [  16,   12,  890,   34,   21,    1,    4,   14,   32,    8],
       [  17,    2,   25,  862,    5,   40,    4,   20,   27,    8],
       [  10,   13,   16,   15,  823,    1,    5,   21,   22,   56],
       [  14,    5,   10,   64,    5,  737,   18,    8,   16,   15],
       [  15,    4,   14,    9,   10,   20,  865,    2,   16,    3],
       [   3,    3,   32,   18,   26,    9,    0,  894,   10,   33],
       [  21,    7,   39,   43,   17,   42,    3,   15,  761,   26],
       [   6,    5,   16,   15,   38,   20,    1,   34,   20,  854]])}

Tuned Tree:
{'accuracy': np.float64(0.8752), 'precision': np.float64(0.8738), 'recall': np.float64(0.8733), 'f1': np.float64(0.8734), 'precision_per_class': array([0.9260385 , 0.94082333, 0.83916746, 0.84887144, 0.86330935,
       0.83487298, 0.8921466 , 0.9258517 , 0.81508264, 0.85163205]), 'recall_per_class': array([0.93265306, 0.96651982, 0.85949612, 0.85643564, 0.85539715,
       0.81053812, 0.88935282, 0.89883268, 0.8100616 , 0.85332012]), 'f1_per_class': array([0.92933401, 0.95349848, 0.84921015, 0.85263677, 0.85933504,
       0.8225256 , 0.89074752, 0.91214215, 0.81256437, 0.85247525]), 'confusion_matrix': array([[ 914,    2,   17,    3,    1,   11,   10,    9,    7,    6],
       [   1, 1097,    5,    4,    6,    2,    7,    1,   10,    2],
       [   8,   10,  887,   24,   12,    7,   11,   21,   41,   11],
       [   8,    2,   29,  865,    2,   51,    6,    9,   29,    9],
       [   2,    6,    9,    3,  840,   11,   18,    9,   23,   61],
       [  18,   10,    9,   50,   14,  723,   23,    4,   27,   14],
       [  15,    3,   19,   10,   20,   19,  852,    5,   12,    3],
       [   7,   13,   30,   13,   11,    3,    4,  924,   12,   11],
       [   6,   11,   34,   28,   21,   25,   22,    5,  789,   33],
       [   8,   12,   18,   19,   46,   14,    2,   11,   18,  861]])}

Ensemble:
{'accuracy': np.float64(0.8263), 'precision': np.float64(0.8277), 'recall': np.float64(0.823), 'f1': np.float64(0.8219), 'precision_per_class': array([0.83555556, 0.85835258, 0.84492481, 0.72864769, 0.78269231,
       0.8305304 , 0.92849285, 0.83143939, 0.85869565, 0.77803204]), 'recall_per_class': array([0.95918367, 0.98237885, 0.87112403, 0.81089109, 0.82892057,
       0.71973094, 0.88100209, 0.8540856 , 0.64887064, 0.67393459]), 'f1_per_class': array([0.89311164, 0.91618735, 0.85782443, 0.76757263, 0.80514342,
       0.77117117, 0.90412426, 0.84261036, 0.73918129, 0.72225173]), 'confusion_matrix': array([[ 940,    1,    7,    2,    0,    6,   14,    1,    5,    4],
       [   1, 1115,    5,    2,    0,    1,    1,    0,    6,    4],
       [  36,   22,  899,   18,    7,    6,   11,   18,   12,    3],
       [  25,   20,   43,  819,    1,   35,    2,   16,   37,   12],
       [  18,   16,   20,   10,  814,    4,   12,    8,    8,   72],
       [  22,   25,   17,  135,   12,  642,   14,    1,   16,    8],
       [  31,   11,   21,    7,   24,   18,  844,    1,    1,    0],
       [   5,   29,   20,    7,   38,    2,    0,  878,    6,   43],
       [  25,   39,   27,  107,   20,   51,    7,   18,  632,   48],
       [  22,   21,    5,   17,  124,    8,    4,  115,   13,  680]])}
